7067
6416
8734
6782
5729
7699
1514
2814
1306
1469
5837
3503
1942
1936
341
5708
2546
4913
462
7919
3920
8336
7768
1847
8244
9035
972
2457
3073
8928
1888
5669
7860
3762
2858
5483
78
4174
9810
814
2648
3263
8730
9335
3730
4910
2466
316
5084
4286
5639
979
1561
1991
3980
6658
7473
8817
5404
3769
6886
883
8510
8002
1257
4445
2442
6919
6541
579
8428
9205
8733
5211
599
2064
5498
9145
7659
88
3943
4632
233
2618
8952
8684
5286
2489
9816
4741
2175
5758
9595
1223
2621
6110
5555
7304
4697
1051
1735
794
9457
9918
3664
8281
3962
1251
2918
1975
8265
7877
8299
7
7501
2956
1782
1238
2479
3460
483
9376
6238
5601
3400
2610
4420
9727
1883
1612
8924
6462
8722
8282
9624
5422
8219
9411
7902
8919
3646
1393
1267
925
1232
5970
1723
114
3257
6526
991
5932
7512
9563
8032
7400
1413
5597
443
5295
4199
3681
7150
9737
7016
7164
5834
7039
469
9808
6985
1253
4554
7743
3826
4247
350
6819
5434
835
4731
380
3661
2344
1777
875
6254
2189
1498
3088
2939
6406
2065
8559
7957
8850
879
3912
4094
8328
1318
2183
9572
1364
8962
9257
4973
6172
1629
2816
499
1559
2306
2680
5202
8448
6980
4859
8927
7928
5200
338
492
8890
5103
7262
8185
8707
1025
4582
589
1698
7271
2449
5046
4828
9407
3750
8381
5570
1109
8498
1501
3959
8536
8426
3269
541
9659
98
9564
9504
509
6029
1861
1893
8539
5077
2931
1140
9076
1422
8911
99
7662
790
1047
8613
4871
9696
7897
4628
5966
9905
4049
2794
7955
6042
1855
5462
1949
8375
9933
8733
2938
2887
3215
639
428
6030
6619
3211
1410
7959
7291
9797
7428
1662
6241
9384
6324
5149
2010
8839
5137
6277
3078
824
8781
767
3431
6131
1585
5747
5593
7127
8912
4297
5361
894
1658
7343
3624
5074
9154
1146
5834
4832
8801
4416
8617
7964
1180
3286
1080
1477
8692
1125
9013
4970
8445
194
4038
3245
833
1470
8664
359
4069
8763
6516
6204
8717
6049
7651
7648
6043
287
4819
5323
5150
6518
3354
7641
3305
7938
8410
4661
9536
6698
7766
6311
3595
8107
2660
6347
3092
1840
1219
3796
6035
7141
6767
1728
924
2379
7891
478
1639
2574
1935
1934
9905
326
7722
5864
1313
6987
6409
5519
638
6749
4576
5623
2863
2338
2920
2757
4594
1889
7426
6966
6113
5406
6379
7635
7665
839
97
35
8109
2015
6741
1409
6564
2473
7249
4240
4734
1735
428
28
6100
8227
5708
3378
5793
8607
3083
7571
1635
9848
1404
1861
7590
1888
7488
4635
6691
6363
8277
8023
7909
3274
6206
5501
6989
6631
2952
9609
7847
8608
2156
1939
1788
5127
145
1441
9449
521
1588
4734
8879
990
9370
9098
204
8337
2405
2291
3051
3696
4694
4770
7175
6134
1938
7577
3110
4135
2407
203
8612
844
1760
8316
4701
7408
6200
4139
